4
128 082 210 113 207 197 161 239 015 045 048 181 173 104 086 054 237 056 206 185
4
241 057 057 177 073 215 181 174 250 002 112 002 133 227 019 239 226 003 199 080
6
249 056 011 195 036 154 052 250 137 064 114 042 226 034 167 206 013 145 053 229
5
226 049 082 121 037 223 162 002 012 216 109 043 248 096 073 043 059 074 172 219
5
045 080 186 200 055 187 119 192 173 198 094 051 237 154 159 000 180 032 025 208
1
077 049 082 073 183 247 251 074 235 146 059 112 168 093 184 019 224 146 052 106
6
149 086 056 002 067 157 157 248 129 159 021 053 220 223 044 100 158 045 031 022
2
079 153 003 073 063 207 204 091 194 194 119 077 154 057 224 136 227 121 041 250
5
221 013 177 210 012 082 207 246 004 147 221 121 065 248 196 232 007 050 214 026
3
005 090 142 193 240 160 074 219 134 251 056 225 214 049 156 198 008 251 147 165
9
034 235 023 045 217 018 208 051 056 214 046 209 200 023 155 217 033 060 006 100
0
204 058 070 210 193 093 117 153 129 078 040 049 212 080 181 182 039 241 032 060
7
158 166 216 010 243 255 098 091 043 184 150 187 080 006 150 092 050 069 076 060
4
095 233 083 125 225 063 083 038 013 013 107 065 130 076 089 255 225 220 240 073
8
241 063 000 155 060 003 068 157 231 217 038 083 043 120 022 093 146 139 208 117
6
220 015 104 206 083 184 197 255 213 134 154 086 130 030 118 036 244 072 063 011
6
218 019 159 069 041 189 100 250 031 157 135 132 087 216 104 123 031 219 217 073
4
180 182 075 039 235 101 255 187 032 163 242 248 091 086 169 253 110 079 212 026
6
252 025 117 100 057 040 149 161 041 018 094 177 082 115 142 118 180 232 143 056
5
068 195 113 020 247 055 221 163 109 112 137 179 058 149 254 155 246 061 066 165
3
032 027 218 216 028 031 162 229 136 039 105 207 032 215 204 101 183 102 216 061
7
005 066 206 096 207 008 245 013 098 197 185 168 058 168 014 235 042 102 042 196
6
036 121 067 162 153 128 129 255 198 109 076 083 114 066 170 009 007 174 130 045
8
225 083 058 086 213 218 067 070 219 172 070 067 045 126 166 166 053 072 134 146
7
022 083 054 185 171 218 154 073 252 154 134 130 018 126 042 075 023 186 171 116